1289 0 0 0
2591 1 1 0
1279 1 1 0
2557 4 0 0
2399 2 0 0
1093 1 1 0
1483 3 0 0
1097 1 0 0
1321 3 1 0
3271 3 0 0
1871 4 1 0
1301 2 0 0
1667 2 0 1
3889 1 0 1
3581 1 0 0
2137 1 0 1
2467 2 0 0
2803 3 0 1
1607 3 0 0
3359 3 0 1
2521 1 0 0
3491 1 0 0
3767 3 0 1
1061 2 0 1
2339 1 0 1
3301 2 0 0
1447 2 0 1
1613 1 0 1
3947 1 0 1
2213 2 0 0
1297 4 0 0
3299 2 0 1
1951 3 0 0
3347 1 0 0
2003 1 0 1
2843 2 0 1
1459 3 0 1
3833 3 0 1
1999 2 0 1
2153 3 0 0
1229 4 0 0
1277 2 0 1
1811 3 0 0
2531 3 0 0
1861 2 0 0
3449 1 0 0
2089 3 0 0
3739 2 0 1
1151 2 0 1
1103 2 0 1
1231 4 0 0
1709 4 0 0
2579 2 0 0
3167 3 0 1
3853 4 0 0
2087 1 0 0
1087 4 0 0
1987 3 0 1
1153 3 0 1
2731 4 0 0
3943 4 0 1
2969 1 0 1
3539 1 0 0
2111 3 0 0
1069 2 0 1
3847 1 0 0
3041 3 0 1
2357 2 0 1
1777 4 0 0
2207 2 0 1
2621 3 0 0
1913 3 0 0
2243 2 0 1
3851 3 0 0
2851 2 0 1
2711 2 0 0
3677 3 0 1
3547 4 0 0
3671 2 0 1
1867 3 0 0
1609 1 0 0
3863 4 0 0
2671 1 0 1
1213 1 0 1
3259 1 0 1
1303 3 0 0
2341 3 0 0
3191 4 0 0
2297 3 0 0
1553 1 0 1
2437 4 0 0
3499 4 0 0
2063 4 0 0
2953 1 0 1
1801 3 0 0
3533 1 0 1
1223 3 0 1
2287 4 0 0
1409 3 0 1
2267 2 0 1
3209 2 0 0
3137 3 0 1
1187 1 0 1
2593 4 0 0
1669 3 0 0
3719 2 0 1
2269 2 0 0
2657 4 0 0
3877 2 0 1
1493 1 0 0
2549 2 0 1
2251 4 0 0
3343 4 0 0
3517 4 0 0
3823 4 0 0
1019 1 0 1
1787 3 0 0
1543 4 0 0
3061 3 0 0
2221 2 0 0
1877 2 0 1
3257 3 0 1
1579 2 0 1
3203 3 0 0
3623 3 0 1
1637 2 0 1
2311 2 0 0
3187 1 0 0
3407 2 0 0
2161 2 0 1
1571 2 0 1
3917 2 0 1
3593 1 0 1
3109 4 0 0
3037 1 0 0
2029 1 0 1
1531 4 0 0
3613 1 0 0
1423 4 0 0
2857 3 0 0
3023 3 0 1
1979 3 0 0
1129 2 0 1
1373 2 0 1